ID=2843 chrX:+117841673 NC_001526.2:+2121 SUPPORTING_PAIRS=3 SPLIT_READS=3 HOST_PBS=0.842175 COVERAGE=0.187500
ID=8727 chr8:+115320696 NC_001526.2:-3497 SUPPORTING_PAIRS=3 SPLIT_READS=3 HOST_PBS=0.934592 COVERAGE=0.238062
